[metadata]
addr = 0x3290
size = 0x8
last_change = 2024-09-20T15:23:38.786831Z

[header]
last_change = 2024-09-20T15:23:38.786831Z
addr = 0x3290
type = "void"
