[metadata]
addr = 0x13adb8
size = 0x0
last_change = 2024-09-20T15:25:32.930312Z

[header]
last_change = 2024-09-20T15:25:32.930312Z
addr = 0x13adb8
type = "void"
