[metadata]
addr = 0x16ff38
size = 0x0
last_change = 2024-09-20T15:25:32.921756Z

[header]
last_change = 2024-09-20T15:25:32.921756Z
addr = 0x16ff38
type = "void"
