[metadata]
addr = 0x2289c0
size = 0x0
last_change = 2024-09-20T15:25:32.935307Z

[header]
last_change = 2024-09-20T15:25:32.935307Z
addr = 0x2289c0
type = "void"
