[metadata]
addr = 0x2289b8
size = 0x0
last_change = 2024-09-20T15:25:32.924759Z

[header]
last_change = 2024-09-20T15:25:32.924759Z
addr = 0x2289b8
type = "void"
