[metadata]
addr = 0x2289d0
size = 0x0
last_change = 2024-09-20T15:25:32.917754Z

[header]
last_change = 2024-09-20T15:25:32.917754Z
addr = 0x2289d0
type = "void"
