[metadata]
addr = 0x228a20
size = 0x0
last_change = 2024-09-20T15:25:32.928269Z

[header]
last_change = 2024-09-20T15:25:32.928269Z
addr = 0x228a20
type = "void"
