[metadata]
addr = 0x2289f0
size = 0x0
last_change = 2024-09-20T15:25:32.926757Z

[header]
last_change = 2024-09-20T15:25:32.926757Z
addr = 0x2289f0
type = "void"
