[metadata]
addr = 0x347fa8
size = 0x0
last_change = 2024-09-20T15:25:32.931310Z

[header]
last_change = 2024-09-20T15:25:32.931310Z
addr = 0x347fa8
type = "unsigned long long"
