[metadata]
addr = 0x359c98
size = 0x0
last_change = 2024-09-20T15:25:32.919754Z

[header]
last_change = 2024-09-20T15:25:32.919754Z
addr = 0x359c98
type = "unsigned long long"
