[metadata]
addr = 0x36e2f8
size = 0x0
last_change = 2024-09-20T15:25:32.918752Z

[header]
last_change = 2024-09-20T15:25:32.918752Z
addr = 0x36e2f8
type = "unsigned long long"
